Expected absolute speedup, NUMBER_OF_APP_INSTANCES = 100

          | NUM_CHANKS
---------------------------------------------------------------------------
NUM_SLOTS | 100       250       500       750       1000      2000
---------------------------------------------------------------------------
   100    | 22.6724   35.4214   37.96     41.6022   44.3413   47.4924
   250    |           37.0564   47.5965   54.9407   56.5154   62.016
   500    |                     47.2977   57.5833   61.9402   69.5038
   750    |                               60.7252   64.5973   72.4918
  1000    |                                         66.0144   74.7345
  2000    |                                                   74.858
